</s>	0.198994 0.219711 -0.190422 -0.162968 0.067939 0.150194 0.046775 0.010506 -0.179149 0.110292 -0.216578 0.062121 -0.037353 -0.047586 -0.164842 -0.093572 0.128232 0.150406 0.147607 0.079417 0.076800 -0.189049 -0.203621 0.247066 0.188980 0.153622 -0.030025 0.199639 -0.024609 0.036526 -0.007419 -0.148312 0.065239 -0.066491 -0.190179 0.236354 0.217716 -0.054444 -0.011242 0.025314 -0.180848 -0.199214 0.226440 0.003133 -0.128384 -0.151240 -0.152947 0.084363 0.010013 0.066172
的	-0.254039 -0.151694 -0.022188 -0.023336 -0.005620 0.020736 -0.093437 -0.090252 0.075845 0.116063 0.297466 -0.046900 -0.264606 -0.107308 -0.141374 0.206452 0.286683 0.021434 0.185461 0.023368 -0.039719 0.214053 0.099637 -0.209517 0.014361 0.091226 -0.137630 0.007114 0.122844 0.015777 -0.034676 -0.189869 -0.077327 -0.017938 -0.087098 0.253298 0.073953 -0.078253 0.141400 -0.245430 -0.022044 -0.062150 -0.260681 0.066173 0.153660 0.219535 0.068664 0.110134 -0.052716 0.055906
和	-0.275786 -0.125537 0.011654 -0.034943 -0.005788 0.015889 -0.159103 -0.028550 0.175542 0.119966 0.314179 -0.097290 -0.262540 -0.031536 -0.119085 0.121845 0.200356 -0.053265 0.162478 0.041588 0.034974 0.024347 0.206983 -0.199894 0.037971 0.155936 -0.185580 0.042325 0.191277 0.015440 -0.013003 -0.173328 0.008645 0.025659 -0.201697 0.167997 0.109290 -0.060464 0.113925 -0.172445 -0.076569 -0.114466 -0.258007 0.177434 0.111957 0.197665 0.013951 0.194292 0.025301 0.090391
在	-0.151517 -0.075363 -0.037345 -0.026034 0.012101 0.223604 0.155631 -0.169758 -0.077727 0.165189 0.192631 -0.129380 -0.154522 -0.161415 0.083023 0.233820 0.132660 0.014443 0.089934 0.041012 -0.090378 0.116120 -0.053055 -0.259902 -0.073153 0.121581 -0.223216 0.030772 0.159793 -0.146309 -0.009684 -0.131288 -0.210687 0.107579 -0.203674 0.231946 0.018359 -0.183097 0.091316 -0.087067 0.054224 -0.038797 -0.141142 0.126454 0.170898 0.134267 0.201914 0.283593 -0.044886 0.029005
了	-0.142402 -0.206983 0.060723 0.039653 -0.235159 0.005108 -0.045263 -0.064017 -0.026962 0.087663 0.261940 -0.013457 -0.061428 0.018211 -0.085673 0.352638 0.231448 0.145981 0.022988 -0.017151 -0.010441 0.184340 0.021841 -0.171451 -0.021997 0.142928 -0.062633 0.070652 0.058886 0.026014 -0.028719 -0.236376 -0.015484 0.021978 -0.191886 0.210960 0.045124 -0.016402 0.145350 -0.200443 -0.013460 0.168942 -0.153616 -0.012812 0.318627 0.246918 0.087532 0.171771 0.027263 0.168128
是	-0.084304 -0.093399 -0.160821 -0.006147 0.112999 0.049553 0.023506 -0.102374 0.073058 -0.040202 0.145691 0.123651 -0.397603 -0.141996 0.017949 0.107100 0.293341 -0.130685 0.126864 -0.096814 -0.178764 0.194145 0.058794 -0.139990 0.046557 0.048068 -0.159349 -0.161364 -0.041617 0.051309 0.033277 -0.065317 -0.215309 -0.130274 -0.005977 0.267692 0.005857 -0.159114 0.009852 -0.167104 -0.023484 -0.070321 -0.209282 0.162303 0.310194 0.083184 0.144451 0.087917 -0.120004 -0.037198
一	-0.022546 -0.060871 -0.037068 0.094793 0.091647 -0.082928 0.213593 -0.100696 0.056645 -0.019984 0.218144 0.086090 -0.200481 -0.084866 -0.149343 0.269935 0.373407 0.001005 0.083080 -0.013899 -0.215912 0.224586 0.011296 -0.226241 0.031441 -0.000085 -0.079556 0.003402 -0.005401 -0.049424 -0.028578 -0.059536 -0.086968 -0.104084 -0.039831 0.196970 -0.100273 -0.122505 0.247803 -0.309066 0.142764 0.068702 -0.210724 0.081589 0.216870 0.098208 0.097042 -0.121182 0.019599 0.077844
年	-0.027406 -0.121933 0.101812 0.146635 -0.154444 0.207299 0.178561 -0.031900 -0.144621 0.030089 0.173207 -0.108916 -0.029772 0.019883 0.231450 0.075492 -0.047737 -0.113753 0.033556 0.063693 -0.151890 0.020587 -0.138996 -0.111216 0.116749 0.051743 -0.269674 -0.029653 -0.168413 -0.040008 0.096260 -0.088907 -0.114563 -0.047367 -0.348773 0.081682 0.112938 -0.008177 0.190052 -0.177708 -0.199314 0.105904 -0.168721 0.072707 0.216462 0.012639 0.014111 0.392208 0.072311 -0.027431
与	-0.332318 0.010704 0.012820 -0.027713 0.017216 0.094434 -0.137886 -0.020251 0.226201 0.195548 0.290700 -0.162885 -0.244973 0.026668 -0.086956 0.126208 0.115768 -0.094460 0.188282 0.034375 -0.035107 -0.010119 0.300163 -0.134149 0.096328 0.060126 -0.128117 -0.070853 0.087383 0.026254 -0.118032 -0.085850 -0.074424 0.076539 -0.183420 0.168097 -0.005025 -0.099986 0.256830 -0.129496 -0.039405 -0.136662 -0.152895 0.035342 0.223178 0.149280 -0.028142 0.230561 -0.076843 -0.005497
为	-0.009242 -0.129662 0.088111 0.053043 -0.076229 0.029681 0.105698 -0.132443 0.085592 0.127171 0.186247 -0.061618 -0.326668 -0.142517 -0.038652 0.057191 0.161831 -0.141406 0.141927 0.129257 -0.110413 0.074844 0.203409 -0.173637 0.001873 0.011376 -0.206377 -0.105575 -0.106655 0.118882 0.138686 -0.268271 0.004318 -0.192836 -0.062731 0.237907 0.020323 -0.006613 0.202082 -0.228323 0.069734 -0.075565 -0.245156 0.243517 0.087394 0.037671 -0.053672 0.221284 -0.119261 0.064395
